GLOBAL-2                
1 43812U 18099BG  24230.12593136  .00008738  00000+0  68185-3 0  9992
2 43812  97.4571 282.5166 0003056 239.8788 120.2134 15.01370035311230
GLOBAL-4                
1 44499U 19054E   24229.80893179  .00037014  00000+0  11404-2 0  9999
2 44499  45.0172  26.0142 0010293 210.9708 149.0571 15.33011993276858
GLOBAL-9                
1 47971U 21023G   24229.85245650  .00048276  00000+0  12235-2 0  9991
2 47971  44.9907  16.1547 0007409  17.5801 342.5341 15.39012323191742
GLOBAL-14               
1 49469U 21106A   24230.45197557  .00038862  00000+0  98918-3 0  9990
2 49469  42.0083 236.1527 0007993  62.8406 297.3248 15.38849382155086
GLOBAL-12               
1 49772U 21115BA  24228.55686833  .00040666  00000+0  10395-2 0  9992
2 49772  53.2059 330.7390 0004041 345.4575  14.6313 15.39072624152467
GLOBAL-13               
1 49773U 21115BB  24229.44046856  .00015041  00000+0  39127-3 0  9991
2 49773  53.2066 327.8375 0004720 341.4826  18.6007 15.39139302152589
GLOBAL-17               
1 49949U 21120A   24230.38856949  .00033046  00000+0  85060-3 0  9991
2 49949  42.0033   3.1953 0006814 332.5313  27.5166 15.38576381151752
GLOBAL-16               
1 49950U 21120B   24230.42097997  .00043237  00000+0  11267-2 0  9998
2 49950  42.0062   2.5571 0010043 328.0712  31.9518 15.38071718151751
GLOBAL-18               
1 52196U 22034B   24230.18683095  .00038154  00000+0  98183-3 0  9997
2 52196  52.9896 182.4034 0000738 158.4682 201.6351 15.38898424133892
GLOBAL-20               
1 52197U 22034C   24230.21437549  .00044950  00000+0  75463-3 0  9990
2 52197  52.9889 166.7486 0009421  51.0651 309.1195 15.51321258134110
GLOBAL-19               
1 55982U 23041B   24230.13074507  .00037509  00000+0  97122-3 0  9994
2 55982  42.0091 145.2577 0001494 286.1580  73.9095 15.38366543 78873
GLOBAL-5                
1 55983U 23041C   24230.03689192  .00032953  00000+0  85623-3 0  9997
2 55983  42.0097 145.3965 0005828 200.2239 159.8370 15.38294670 78865